ERCC_00002	4064.9453775	1111	213,230,849,1069,736,789,135,271,812,759,851,1006,1010,340,243,455,604,812,794,691,549,278,244,914,439,393,663,1146,168,917,1168,603,531,1049,1343,698,1030,925,868,1101,1082,751,631,728,635,974,608
ERCC_00003	254.0590860938	1007	20,18,48,60,60,45,17,26,53,53,57,54,63,20,34,32,40,65,72,70,29,45,10,63,37,35,50,82,12,42,74,44,35,46,52,39,71,70,49,92,65,55,39,53,54,46,41
ERCC_00004	2032.47268875	506	347,193,525,706,523,748,152,443,551,700,561,652,683,416,254,346,402,631,700,633,617,483,299,617,367,513,641,903,124,555,735,459,394,585,841,417,762,711,528,839,809,1670,665,1522,585,796,436
ERCC_00009	254.0590860938	967	21,25,28,54,38,37,10,20,38,38,45,54,47,37,27,33,23,58,47,46,56,27,18,33,26,20,57,55,14,55,69,30,26,58,80,38,75,56,50,67,64,39,29,43,52,63,34
ERCC_00019	7.9393464404	624	0,0,2,2,1,4,0,1,4,3,0,0,2,1,0,0,3,2,3,2,1,0,1,3,2,2,0,1,0,0,1,0,0,1,5,0,0,1,1,3,5,2,1,2,1,3,3
ERCC_00022	63.5147715234	736	8,5,10,14,8,7,0,9,12,9,5,6,17,9,3,8,9,12,11,12,13,19,6,7,12,12,8,10,2,4,10,5,7,11,8,2,14,18,5,13,15,12,11,5,14,11,7
ERCC_00025	15.8786928809	1976	0,0,1,2,0,0,0,0,1,1,1,2,5,0,0,0,1,2,3,0,1,0,0,1,2,2,1,2,1,2,2,0,2,1,1,0,1,1,1,1,3,0,0,1,1,2,2
ERCC_00031	0.4962091532	1116	0,0,0,0,0,0,0,0,0,0,0,0,5,0,0,0,1,0,0,0,0,2,0,0,0,0,0,0,0,0,0,0,0,0,1,0,0,0,0,0,0,0,0,0,0,0,0
ERCC_00034	1.9848366101	1001	0,0,0,0,0,0,0,0,0,0,0,2,2,1,0,0,1,0,0,1,0,0,1,0,0,0,1,0,0,0,0,0,0,0,1,0,0,1,0,0,0,1,1,0,2,0,0
ERCC_00035	31.7573857617	1115	0,0,5,3,4,2,1,0,3,2,2,1,6,5,0,2,2,6,0,3,1,0,1,3,0,0,2,4,1,3,3,3,2,8,3,2,6,0,2,1,5,3,3,2,2,3,1
ERCC_00039	0.9924183064	721	0,0,0,0,0,0,0,0,0,1,1,1,0,0,0,0,1,0,0,0,0,0,0,0,0,0,0,0,0,0,0,0,0,1,1,0,1,1,0,2,1,0,0,0,0,0,1
ERCC_00042	127.0295430469	1007	6,4,23,29,24,24,2,9,22,25,24,27,20,13,6,10,16,26,34,23,13,8,6,22,21,15,21,33,1,21,36,12,14,26,34,21,33,22,17,31,32,34,20,23,14,38,11
ERCC_00043	127.0295430469	1007	17,20,30,53,39,40,11,30,49,26,31,43,50,21,23,22,39,50,50,41,36,23,13,47,24,19,45,74,10,51,55,29,31,56,68,27,53,48,50,61,77,109,60,96,33,59,39
ERCC_00044	31.7573857617	1115	1,0,3,6,4,3,0,0,6,3,3,4,5,2,2,0,1,3,3,4,7,3,3,3,2,3,1,4,3,1,6,2,2,3,5,3,6,1,3,6,3,4,2,4,2,2,0
ERCC_00046	1016.236344375	506	158,104,321,441,302,460,62,213,357,418,338,449,464,203,138,207,249,347,390,361,371,203,160,366,223,236,365,523,59,394,474,298,238,378,578,256,538,460,378,447,579,973,382,963,329,497,277
ERCC_00051	15.8786928809	259	2,0,3,6,4,3,0,1,2,2,5,3,5,1,0,4,3,5,0,4,4,4,2,4,6,4,1,5,1,6,3,5,2,4,1,2,1,3,2,5,4,1,2,7,2,9,4
ERCC_00053	7.9393464404	1006	2,1,4,2,2,2,1,1,0,0,2,1,4,3,0,0,3,5,3,1,0,1,0,4,0,0,4,4,0,0,0,3,1,4,1,2,2,2,1,2,1,2,2,0,1,1,0
ERCC_00054	3.9696732202	255	1,0,0,1,0,1,1,0,1,0,1,2,1,0,0,0,1,2,1,0,1,0,0,0,1,2,1,3,0,0,1,2,0,1,1,1,2,0,1,3,0,2,3,2,0,1,1
ERCC_00059	3.9696732202	506	1,0,0,4,2,3,1,2,1,1,0,0,0,0,0,0,4,2,1,1,2,0,0,1,1,0,0,0,0,1,1,0,0,1,3,0,1,0,1,4,1,0,1,1,0,0,0
ERCC_00060	63.5147715234	507	25,14,30,37,48,41,9,20,40,38,37,65,62,23,14,29,37,47,42,44,46,63,15,53,31,43,45,54,13,39,63,24,27,36,74,39,50,49,46,69,53,89,41,94,28,53,26
ERCC_00062	15.8786928809	1007	5,1,9,9,6,5,0,3,5,1,4,5,14,3,1,1,3,6,5,5,4,1,0,7,6,3,1,9,0,6,8,5,4,4,10,5,4,3,1,4,1,2,7,2,10,8,1
ERCC_00067	0.9924183064	625	0,0,0,0,0,0,0,0,0,0,0,0,0,0,0,0,0,0,0,0,0,0,0,0,0,0,0,2,0,0,0,0,0,0,2,0,0,0,0,1,0,1,0,0,1,0,0
ERCC_00071	15.8786928809	624	2,0,1,5,5,2,0,0,5,2,2,2,4,1,0,1,4,2,3,3,0,0,1,4,4,1,3,3,2,4,2,3,2,5,3,1,2,5,2,3,5,2,1,0,0,1,2
ERCC_00074	4064.9453775	506	987,517,1274,1905,1524,1997,375,1120,1539,1945,1487,1726,1970,1353,745,942,1184,1653,1928,1753,1697,1399,837,1803,956,1295,1746,2337,314,1698,2194,1374,1074,1641,2326,1204,2285,2106,1532,3087,2632,3725,1799,3428,1698,2206,1320
ERCC_00076	63.5147715234	626	2,0,11,13,6,12,2,2,10,8,11,16,17,4,2,6,5,8,7,7,3,4,7,16,3,3,11,23,3,14,22,7,8,22,23,10,20,14,15,12,10,13,6,18,12,13,5
ERCC_00077	0.9924183064	255	0,0,0,0,1,1,0,0,1,0,0,3,1,0,0,0,0,1,0,1,1,0,3,3,2,0,2,3,0,1,0,0,0,0,0,1,0,0,2,4,1,1,1,3,0,0,0
ERCC_00078	7.9393464404	974	1,1,0,0,1,1,1,2,0,0,4,1,2,1,0,2,0,1,1,2,1,1,0,2,0,0,0,4,1,0,2,0,0,0,2,0,2,2,1,3,1,0,0,1,0,1,1
ERCC_00079	15.8786928809	625	3,1,3,2,4,2,0,2,5,4,2,3,6,0,1,2,4,5,3,6,3,6,2,3,1,9,4,5,0,3,3,5,3,1,5,2,3,0,4,6,3,2,1,5,3,8,2
ERCC_00084	7.9393464404	979	0,0,1,3,1,3,0,1,2,1,1,0,1,1,0,1,0,0,1,1,1,0,2,1,3,0,0,4,0,2,2,2,1,2,4,2,2,1,2,1,2,1,1,3,2,1,0
ERCC_00085	1.9848366101	825	1,0,1,0,0,0,0,0,0,0,0,0,2,0,0,0,0,1,1,0,0,0,0,0,0,0,0,1,0,0,0,0,0,1,0,0,0,1,0,0,3,1,0,0,0,0,1
ERCC_00092	63.5147715234	1107	10,5,5,11,8,14,0,13,9,4,12,16,17,8,7,3,23,16,12,11,10,8,4,19,10,14,11,15,2,10,18,6,10,17,13,10,13,14,10,28,13,10,16,11,9,8,9
ERCC_00095	31.7573857617	505	3,3,16,14,10,9,4,7,18,15,9,13,13,10,2,8,8,12,9,6,8,4,8,19,5,6,17,16,1,14,13,8,5,9,20,11,10,10,8,22,13,28,14,19,12,15,7
ERCC_00096	4064.9453775	1095	185,243,650,818,576,648,134,274,565,645,647,764,903,315,288,423,471,765,675,677,560,286,212,706,431,378,657,868,105,601,1064,491,360,822,997,528,862,763,693,1045,829,631,473,563,597,725,462
ERCC_00099	3.9696732202	1337	0,0,0,0,0,0,0,0,0,0,0,0,0,1,0,0,1,0,0,1,0,1,0,0,0,0,1,0,0,0,0,0,0,0,1,0,0,0,0,0,0,0,0,0,0,1,0
ERCC_00108	254.0590860938	1005	20,17,65,82,49,60,4,31,53,55,49,91,89,16,16,25,40,56,52,48,39,21,19,64,35,32,35,66,8,75,99,49,31,94,113,54,68,82,76,33,97,55,39,50,43,72,31
ERCC_00111	127.0295430469	977	11,1,20,19,11,28,2,1,23,12,17,19,18,11,5,11,16,21,25,12,14,5,2,27,12,11,14,25,4,12,25,13,12,18,31,13,14,27,20,19,18,17,12,22,8,20,16
ERCC_00112	31.7573857617	1114	3,2,6,6,3,2,0,0,12,4,4,2,3,2,3,3,3,4,5,2,4,4,3,1,6,6,4,5,0,5,7,3,1,5,6,3,4,5,2,4,5,4,2,10,8,3,1
ERCC_00113	1016.236344375	827	43,50,157,218,143,176,36,61,172,124,175,186,197,64,68,96,106,197,172,148,124,69,66,195,98,61,197,207,29,155,239,149,94,189,256,130,182,204,145,203,153,148,110,119,135,174,118
ERCC_00116	127.0295430469	1978	4,3,13,12,8,7,2,6,9,4,9,9,11,4,6,7,14,11,9,10,8,1,8,16,6,10,13,12,2,13,10,7,9,14,22,7,15,8,4,15,13,14,8,7,10,14,11
ERCC_00126	3.9696732202	1101	0,0,1,0,0,0,0,0,0,0,0,0,0,0,0,1,0,0,1,0,0,0,0,0,1,0,0,1,0,0,0,1,0,0,0,1,0,0,0,0,0,0,0,0,0,1,0
ERCC_00130	8129.890755	1053	649,453,1065,1556,1131,1104,329,847,1119,1025,1106,1514,1642,866,615,693,821,1476,1070,1396,1429,922,674,1421,789,1042,1379,1578,179,1168,1560,807,741,1344,1895,916,1438,1310,1196,1796,1636,1121,927,1072,904,1438,858
ERCC_00131	31.7573857617	756	7,0,3,5,4,9,3,9,7,7,8,12,8,9,6,8,3,9,6,12,7,1,2,10,7,1,13,14,1,8,13,9,3,7,14,6,6,5,10,12,7,2,7,8,3,8,6
ERCC_00134	0.4962091532	257	0,0,0,0,1,0,0,0,0,0,0,0,0,0,0,0,1,0,1,0,0,0,0,0,0,0,0,1,0,0,0,0,0,0,0,0,0,0,0,0,0,0,0,0,0,0,0
ERCC_00136	508.1181721875	1027	34,41,97,142,98,106,22,54,104,106,120,146,139,52,50,55,76,115,106,81,86,37,43,113,51,49,96,148,16,101,143,80,70,110,181,94,141,114,101,133,160,105,86,87,88,128,77
ERCC_00143	0.9924183064	765	0,0,0,1,1,0,0,0,0,0,0,0,0,0,1,0,1,0,0,0,0,0,0,0,0,0,0,0,0,0,1,0,0,2,0,0,0,0,0,1,0,1,1,0,0,0,0
ERCC_00144	7.9393464404	519	2,0,4,2,2,1,2,0,1,10,1,2,0,2,0,0,3,1,1,2,4,0,1,5,2,3,4,1,0,1,5,0,0,2,4,0,0,1,2,5,0,1,0,2,1,3,1
ERCC_00145	254.0590860938	1025	11,12,28,54,33,36,5,17,36,28,29,45,59,19,10,20,17,54,35,24,34,15,14,43,16,25,36,39,6,31,38,14,25,34,50,21,37,39,31,56,50,20,25,37,22,39,29
ERCC_00148	3.9696732202	475	0,0,2,0,0,0,0,1,1,0,0,0,0,1,0,0,2,0,0,0,0,0,0,2,1,1,0,2,0,0,1,1,1,2,1,0,0,2,0,5,2,0,1,2,0,1,0
ERCC_00150	0.9924183064	724	0,0,0,1,1,0,0,0,0,2,0,0,1,0,0,0,0,0,0,0,0,0,0,0,0,0,0,0,0,0,1,0,0,1,2,0,0,2,0,0,0,0,0,0,0,1,0
ERCC_00154	1.9848366101	519	0,0,1,1,0,0,0,0,0,2,0,0,0,0,0,0,1,0,1,1,0,0,0,0,0,1,0,0,0,0,1,0,0,0,0,1,0,0,0,1,1,0,0,1,0,0,0
ERCC_00157	1.9848366101	1001	0,1,1,1,0,3,0,0,0,0,0,2,1,2,0,0,0,0,0,0,0,0,3,1,0,0,0,1,0,0,2,0,0,0,0,1,0,1,1,0,0,0,0,1,1,1,0
ERCC_00160	1.9848366101	725	0,0,0,3,2,0,0,0,0,2,0,3,1,0,3,0,1,2,0,2,1,0,1,0,1,0,0,1,0,1,2,1,0,2,2,1,0,1,2,2,3,1,3,1,0,1,0
ERCC_00162	15.8786928809	505	1,3,5,8,3,6,0,0,4,5,8,4,8,0,1,3,0,4,5,2,3,2,0,2,0,0,3,8,4,8,3,3,0,5,4,2,5,5,1,1,8,3,5,5,3,2,0
ERCC_00163	3.9696732202	528	3,0,0,1,0,0,0,0,1,1,3,2,0,3,0,1,2,0,4,0,0,2,0,0,0,1,1,0,0,1,4,0,2,4,4,1,1,0,0,2,1,2,1,0,3,2,1
ERCC_00165	15.8786928809	854	1,1,1,2,5,3,1,1,2,6,2,3,4,0,0,2,2,3,0,2,0,1,1,2,2,2,1,3,0,6,2,1,0,2,7,0,1,0,2,5,0,4,2,3,2,3,1
ERCC_00170	3.9696732202	1007	0,0,1,4,0,2,0,1,2,0,3,0,2,0,0,0,0,1,1,1,1,0,0,2,1,0,0,0,0,2,5,0,2,1,2,2,1,3,0,3,2,1,1,2,3,0,0
ERCC_00171	1016.236344375	513	81,63,176,311,220,197,50,106,274,214,235,290,271,149,72,115,156,231,201,213,205,109,90,303,140,121,198,259,45,236,312,162,140,210,373,183,309,260,262,315,326,239,199,259,182,338,155
